70 200 100
76.4968 96.3568
20.8116 176.4295
76.8593 64.7936
97.7306 143.0344
134.7451 164.8750
83.2341 162.1417
83.1673 1.3596
191.9399 141.9497
171.3116 3.8112
27.1000 118.4121
44.1279 125.3047
21.0862 37.7583
147.0021 180.1306
5.1220 179.4678
139.0832 49.0439
183.7305 147.1694
27.9439 36.2658
134.0944 51.2273
148.6021 49.3654
176.5023 34.3135
1.5337 191.3075
169.2792 50.0558
137.1588 3.3691
70.0793 194.8895
128.3840 178.2925
75.1425 114.5304
8.1364 74.9538
199.0945 59.0248
165.4244 8.9928
190.0967 44.1224
191.3147 68.2614
88.6276 91.7559
145.3138 107.6148
132.9056 68.7017
172.9961 14.4814
89.9379 20.0337
147.3200 104.8120
48.4086 102.7710
28.9277 8.4243
48.0936 65.1623
144.8228 33.4200
40.2193 88.3343
170.1747 161.2693
174.1543 109.5748
64.5969 117.3184
88.0560 80.3076
162.1016 185.8922
144.5633 176.8551
43.0307 194.8266
197.3600 178.3774
126.6180 181.1804
100.4053 53.9092
114.4376 68.0394
178.8568 59.2125
87.8442 31.7408
69.1865 134.1947
16.6155 119.5089
105.7185 112.9370
71.3541 89.4074
181.7922 10.9132
48.8119 187.6789
145.9818 37.7689
17.1504 52.9538
107.2798 199.0722
167.2488 142.4776
117.8789 196.7320
16.5296 12.4179
178.1617 15.3235
153.3658 52.4760
165.7373 90.3468
8.48
44.81
26.71
47.02
30.12
15.85
44.25
61.09
46.90
33.23
18.46
68.05
15.51
24.58
30.64
24.70
45.08
16.47
3.48
78.13
50.55
55.37
25.15
43.11
34.01
40.08
38.09
32.82
2.50
11.96
24.31
7.42
55.18
0.24
16.28
52.39
55.50
15.07
14.04
46.93
11.80
4.05
13.38
28.96
58.62
6.05
36.32
55.55
29.11
54.64
93.12
26.20
29.59
21.35
31.63
17.03
11.13
18.81
26.28
3.47
67.38
71.29
23.13
74.67
32.56
9.25
30.97
4.59
10.22
49.43
35.55
43.89
9.31
73.23
4.47
29.75
42.98
46.97
26.92
60.30
43.95
50.74
37.88
19.92
60.19
9.08
75.15
11.00
4.51
42.54
65.05
0.41
67.72
15.99
44.59
5.66
25.37
74.42
9.55
44.93
55.18
92.60
73.27
20.11
45.44
16.60
4.35
27.39
2.62
27.21
6.60
2.75
20.56
37.48
22.36
41.39
37.69
42.96
51.20
14.22
58.67
60.03
5.66
0.58
14.47
28.94
12.18
28.46
30.71
90.52
7.27
78.46
20.64
31.11
55.15
0.07
35.78
37.05
22.03
43.54
78.31
19.50
33.82
53.87
11.25
3.76
27.85
23.12
14.91
47.18
55.29
26.54
9.07
28.00
44.54
5.90
97.39
51.66
21.84
11.88
14.48
28.01
10.19
30.59
31.36
33.73
51.58
81.89
17.18
15.00
52.01
43.07
26.17
42.64
33.35
2.34
45.62
5.40
27.13
29.69
20.71
16.64
24.87
26.66
68.88
6.65
37.96
17.06
48.11
74.62
49.45
15.89
42.85
15.02
21.63
25.76
10.71
33.07
18.67
50.24
0.94
35.73
32.87
61.13
72.17
32.02
44.93
55.24
62.97
46.57
19.10
38.89
26.02
28.07
45.48
34.19
10.47
66.01
33.51
54.50
28.14
11.29
35.41
38.58
74.08
26.88
13.84
19.84
29.00
34.32
10.22
56.15
68.34
41.50
9.38
62.02
47.86
28.03
37.79
14.99
99.43
11.46
45.63
1.52
2.33
52.44
25.29
44.73
30.20
29.87
3.28
12.08
44.75
38.49
9.76
6.62
16.26
25.28
15.33
37.33
59.60
37.42
53.04
4.17
48.05
35.93
36.59
7.83
9.68
14.78
19.78
53.01
52.81
58.89
44.94
56.51
19.96
8.49
6.21
43.51
56.61
92.04
5.04
13.69
31.28
31.37
27.72
47.75
56.00
38.64
33.64
38.66
19.72
12.09
10.89
35.75
42.90
21.31
16.74
36.21
15.74
71.49
29.30
24.57
30.87
28.28
38.92
8.63
41.77
71.23
0.71
9.92
65.37
42.13
48.83
19.88
38.01
52.41
47.96
28.24
79.13
16.75
50.69
53.06
19.80
94.75
8.97
38.41
42.07
33.83
50.01
65.30
30.18
1.01
41.60
55.13
0.28
64.54
5.60
5.81
24.15
17.18
64.07
28.09
2.89
38.92
28.08
47.43
49.08
39.89
78.48
3.27
14.79
85.38
31.25
54.62
27.59
8.32
15.68
68.47
54.65
21.88
56.02
30.39
26.14
78.29
2.53
35.77
23.78
17.53
20.13
42.28
23.71
55.97
17.96
12.08
20.94
63.07
98.25
62.32
27.65
14.01
9.26
2.34
26.11
38.87
24.43
31.12
27.18
40.21
22.59
43.69
31.02
13.56
7.11
32.75
4.27
49.97
43.11
25.33
41.32
13.30
42.59
41.44
24.21
2.94
6.97
10.17
55.28
51.97
3.02
56.25
29.00
4.44
32.28
16.71
29.60
32.85
43.35
55.44
25.57
58.83
25.97
30.45
61.66
48.38
0.64
51.09
68.01
0.10
29.69
5.51
10.93
62.99
2.25
46.59
15.84
45.68
16.95
31.12
9.33
41.44
89.16
4.09
26.40
30.56
4.32
5.32
41.99
12.99
11.99
14.23
17.04
8.67
34.30
45.02
25.34
1.35
31.46
28.41
43.99
2.75
7.44
32.33
77.84
19.31
2.01
33.28
68.57
59.01
30.00
38.48
36.82
48.48
3.30
31.27
22.65
53.02
32.00
60.59
14.66
27.42
28.74
11.59
21.96
53.60
25.42
46.42
4.26
25.90
43.41
36.63
13.18
5.56
95.66
19.30
26.22
45.35
4.23
33.10
1.96
65.06
45.45
37.93
16.13
52.45
31.73
14.29
42.85
13.16
48.01
12.67
59.01
5.68
18.18
98.33
69.27
62.44
23.99
31.85
41.21
15.62
29.93
76.78
54.42
15.61
39.48
47.41
43.15
42.81
38.19
5.96
65.30
66.30
69.10
35.37
28.22
6.90
8.87
96.09
3.57
28.32
28.66
5.26
47.31
35.74
28.12
15.18
27.41
43.14
83.41
58.13
11.34
51.27
20.98
8.27
50.62
0.40
29.45
13.52
30.80
18.54
8.58
51.27
89.14
46.91
29.07
35.09
11.87
38.04
82.49
31.66
16.10
71.57
2.62
31.12
47.85
46.38
28.90
20.87
24.77
40.05
29.94
31.20
56.67
26.88
22.39
0.19
11.77
27.70
3.02
17.87
48.11
70.16
8.48
7.86
1.55
41.60
50.29
14.70
21.46
19.44
70.43
58.73
4.87
8.22
37.71
8.09
12.65
89.95
53.47
12.42
8.98
40.05
17.83
71.89
33.68
36.84
52.45
0.88
68.96
47.50
60.75
25.27
10.18
28.75
59.28
19.25
4.88
8.44
27.09
36.45
10.92
22.01
33.34
1.88
0.54
10.37
12.99
41.96
3.97
16.02
27.05
37.73
13.96
48.10
16.76
17.93
29.55
25.19
53.79
45.71
3.72
32.57
28.58
47.36
7.66
36.98
36.82
50.77
20.31
27.10
48.88
45.27
8.67
21.83
55.59
74.15
40.16
46.04
19.10
28.67
40.89
98.59
30.69
18.94
46.23
5.80
12.16
40.87
9.44
17.33
31.19
12.81
9.98
3.65
40.31
19.70
76.22
17.53
7.00
2.50
70.50
33.25
28.37
97.29
2.80
72.45
13.98
25.59
41.01
3.64
7.02
10.07
49.24
32.05
15.39
5.91
5.46
2.49
1.21
94.40
16.07
15.96
58.25
29.91
57.20
38.83
12.52
25.67
60.40
23.03
12.65
48.15
26.48
13.40
34.75
41.09
69.09
9.73
78.33
56.67
34.97
53.09
26.66
40.30
14.79
16.59
14.37
6.06
8.98
41.92
53.22
28.94
22.75
59.56
89.07
16.91
50.13
16.47
59.81
61.95
48.66
39.57
1.18
37.99
16.03
40.26
14.93
21.89
69.80
83.72
29.19
37.55
28.69
19.98
40.83
9.35
18.45
61.89
53.42
20.33
38.86
24.12
64.72
3.01
15.53
28.19
16.37
11.07
64.61
8.16
46.11
81.63
33.07
15.64
58.73
7.46
33.94
24.34
14.32
66.35
21.99
73.00
52.95
28.02
10.55
16.91
52.19
77.55
34.56
37.65
5.54
21.54
34.62
19.33
34.99
21.98
10.25
13.94
44.49
22.62
49.91
46.42
36.80
38.33
3.60
59.44
47.29
32.81
44.91
23.71
4.93
55.75
69.45
8.99
50.89
21.22
42.66
31.13
73.97
28.14
17.87
57.74
22.49
46.36
73.72
61.77
31.39
13.33
38.51
2.36
21.99
23.23
18.69
56.33
24.22
12.26
38.99
2.11
36.30
34.82
37.38
16.46
33.40
2.52
8.17
51.28
2.04
26.57
2.81
36.21
20.56
14.59
47.88
65.64
39.67
15.48
1.77
19.57
37.81
28.32
39.95
67.54
18.42
75.56
35.33
26.90
48.79
66.51
20.51
0.53
46.55
9.70
78.44
26.98
10.62
25.38
52.73
28.14
15.23
13.35
17.47
6.98
1.78
34.40
2.34
26.48
32.97
46.52
18.38
26.15
19.99
6.06
58.30
22.60
31.15
32.29
38.33
47.40
11.84
23.38
47.75
37.16
14.49
24.70
4.52
20.78
36.66
19.09
4.94
64.31
25.12
27.42
34.77
70.48
11.26
12.80
39.84
25.06
2.31
70.10
28.16
18.50
49.32
13.99
24.99
15.29
41.61
39.76
50.80
9.26
78.45
6.06
30.76
62.17
34.40
37.72
0.75
61.43
28.54
70.78
23.38
35.67
2.21
50.65
25.46
22.99
42.49
32.16
18.07
32.74
48.46
22.93
41.25
91.25
33.02
49.33
11.96
57.30
65.49
46.34
63.29
28.09
0.19
54.23
35.83
10.45
69.28
5.04
24.69
15.60
15.03
34.39
23.53
33.20
14.48
46.97
6.88
50.85
93.96
27.23
31.48
13.08
73.82
17.64
13.14
5.56
54.89
11.61
58.98
25.98
38.45
35.02
17.69
78.99
16.83
45.65
14.76
9.77
56.29
39.15
18.20
66.98
8.52
17.62
55.67
35.98
23.94
42.09
11.92
29.00
15.57
23.69
10.91
1.97
68.11
23.51
26.63
13.74
6.86
23.76
35.30
9.39
26.88
8.91
37.76
32.23
51.63
32.26
0.29
7.95
39.52
42.17
41.27
27.81
19.99
60.92
3.96
21.61
20.47
14.83
27.28
54.58
9.93
6.72
13.48
42.61
70.80
21.37
50.76
27.89
14.67
5.14
59.98
46.06
26.86
49.17
35.64
19.87
46.90
37.40
43.30
6.60
37.03
77.08
7.43
44.14
3.80
28.96
43.28
34.00
88.39
12.19
20.51
25.47
15.07
41.03
64.66
12.24
48.27
8.27
39.57
20.56
40.14
16.74
27.78
53.58
65.63
24.69
51.55
65.09
58.25
10.85
12.01
14.68
35.44
41.62
58.73
24.83
15.38
1.97
21.67
16.58
42.69
8.27
18.59
16.92
51.87
48.80
65.21
26.31
33.33
9.21
17.75
23.83
4.58
64.34
34.78
23.07
59.05
28.38
1.36
68.57
59.20
8.67
18.60
21.06
29.17
13.89
26.70
41.17
3.02
48.01
39.69
18.70
35.52
49.39
86.54
84.90
20.31
36.95
29.04
2.40
92.59
3.66
45.40
28.22
44.72
52.20
45.70
50.38
4.43
16.63
20.94
67.79
39.53
47.13
27.12
23.17
28.37
51.75
20.01
77.00
34.47
10.74
41.36
3.45
7.04
14.43
26.76
24.65
69.34
20.37
73.15
41.81
77.93
35.92
4.87
42.79
17.08
19.21
40.84
9.82
18.01
36.26
68.41
35.45
39.73
39.65
20.08
8.65
60.73
21.45
41.69
13.23
44.91
67.51
61.15
20.27
38.58
28.95
35.00
17.83
4.61
15.04
21.95
64.80
0.52
48.64
69.94
35.36
25.61
48.17
29.21
49.37
50.28
14.46
50.23
47.27
15.21
29.47
62.26
11.30
2.07
12.98
19.42
10.35
24.08
12.70
58.00
29.63
36.91
34.90
24.54
23.38
35.54
80.91
22.13
13.53
29.26
27.66
11.21
48.58
38.54
28.89
62.92
2.46
17.08
14.06
15.77
49.65
48.62
15.51
35.52
8.67
33.64
49.44
23.88
4.63
60.42
99.83
24.37
41.47
9.67
38.41
57.99
17.35
75.91
15.89
17.13
34.16
23.31
37.84
52.14
59.65
9.17
9.23
42.49
56.17
47.48
90.63
11.38
25.42
54.23
62.70
17.75
44.72
18.86
1.66
12.08
1.44
53.52
54.13
25.10
61.44
8.72
17.03
54.15
67.26
0.80
6.77
73.40
2.62
57.11
48.10
27.50
43.73
32.61
30.34
29.49
9.34
25.94
13.01
27.25
2.52
54.22
26.07
48.25
1.36
32.29
53.19
39.40
21.75
25.81
38.25
26.92
56.01
71.84
11.58
38.47
17.30
5.16
64.39
29.27
22.64
62.76
26.12
35.48
15.00
8.39
0.58
57.63
19.48
45.65
7.40
6.17
45.44
3.31
0.23
6.15
59.33
17.98
22.96
10.24
45.47
28.01
21.29
1.54
60.96
17.81
2.90
10.94
18.89
14.70
6.64
34.61
22.05
62.75
11.35
40.90
4.23
9.30
34.52
11.31
32.43
42.79
33.56
4.20
11.78
18.93
97.37
79.57
5.17
34.77
71.90
41.29
38.47
56.31
67.49
86.20
51.48
38.76
84.21
16.36
40.33
13.44
51.46
27.80
25.16
34.48
46.97
57.92
15.98
71.50
61.91
51.77
43.52
52.23
12.10
16.30
26.16
26.95
26.26
15.34
59.57
21.66
11.61
35.74
26.14
24.04
46.28
45.45
68.09
34.44
36.69
61.33
34.81
17.27
27.89
78.58
16.70
35.42
60.29
48.90
37.23
56.90
12.33
34.64
32.09
45.08
71.53
54.54
9.47
21.62
23.99
13.74
1.72
28.82
44.94
8.25
20.70
19.89
54.12
33.53
34.92
8.44
19.32
8.84
8.68
45.88
45.13
30.94
47.48
39.26
71.91
39.87
49.25
0.85
15.52
43.13
0.21
53.13
0.49
30.51
67.97
44.75
39.88
26.38
16.74
13.05
46.71
18.32
36.12
31.27
32.44
19.21
84.16
38.09
94.27
10.31
19.60
5.68
48.28
13.91
8.04
39.24
16.08
1.82
55.25
67.86
5.17
74.56
40.94
56.28
14.90
7.05
20.10
12.30
37.02
91.17
47.08
7.50
19.05
28.64
54.28
43.43
14.24
32.80
20.82
21.47
61.64
1.48
45.57
9.83
20.75
54.16
43.16
3.10
70.22
70.28
58.63
15.52
4.24
77.90
7.78
50.06
66.12
24.81
29.59
31.10
2.61
13.84
20.92
29.12
42.73
15.78
33.99
7.95
23.34
21.27
22.53
0.90
27.18
53.18
25.40
43.70
14.95
16.42
1.47
12.05
24.73
36.17
23.36
14.39
5.44
45.41
37.08
5.37
0.69
16.55
1.43
33.14
67.75
11.39
41.10
26.56
27.77
43.60
43.87
9.38
14.04
27.09
42.44
59.09
87.67
12.24
44.81
75.14
15.09
55.55
10.40
77.31
58.29
29.54
49.52
68.30
36.42
56.35
26.19
9.07
9.81
31.78
37.77
51.63
27.10
60.16
39.92
56.63
44.95
62.70
26.00
43.64
7.71
2.73
23.84
84.01
8.35
70.45
0.81
10.67
45.76
22.65
74.97
72.20
36.49
61.24
41.19
5.24
8.49
7.28
13.01
17.21
33.66
31.34
25.24
3.10
9.20
58.65
13.04
6.99
73.83
23.62
66.70
67.86
32.36
62.58
7.31
47.36
30.09
31.01
24.23
42.69
26.27
23.10
54.73
24.37
25.68
31.24
29.19
47.52
77.99
26.62
14.50
27.26
58.32
38.67
8.65
34.92
24.85
24.07
85.00
27.07
58.00
15.26
36.41
39.17
27.59
17.30
31.55
38.68
22.18
31.74
41.82
47.95
42.82
11.72
46.86
2.72
43.56
32.22
63.59
2.36
56.38
32.83
9.96
6.30
43.55
43.29
77.00
51.31
1.12
40.37
38.93
4.25
74.95
49.65
27.12
24.85
1.42
40.15
64.59
4.60
61.18
23.52
7.95
2.91
67.54
22.69
31.10
60.94
7.20
19.56
3.41
46.06
69.98
50.18
27.08
32.95
35.69
38.49
25.16
69.58
44.42
29.88
49.86
62.65
11.82
11.60
14.89
11.28
14.82
48.31
63.05
12.45
61.17
6.38
11.38
17.21
25.86
6.75
45.95
49.05
54.14
57.20
27.76
22.41
53.56
11.28
40.30
48.35
70.51
51.85
56.47
34.42
73.69
33.29
0.38
37.54
20.14
22.49
60.40
20.43
24.16
38.40
20.43
25.52
1.17
23.99
11.32
73.74
27.66
21.60
24.23
27.19
72.22
16.44
0.38
41.77
12.55
8.20
17.40
20.77
5.72
37.57
17.98
37.57
22.42
28.52
45.50
74.58
10.91
16.41
11.58
28.62
8.87
25.19
9.25
24.31
5.55
27.99
0.07
11.60
50.82
11.69
30.48
62.54
43.79
14.12
52.50
54.41
4.73
75.25
17.66
6.52
24.57
57.19
26.47
25.44
3.50
40.07
25.45
12.81
63.04
32.88
55.00
0.08
25.83
25.54
6.89
60.76
36.31
28.30
10.09
55.97
13.34
8.87
8.12
3.55
16.60
48.48
22.01
60.43
74.38
77.64
34.24
63.63
38.70
10.06
1.15
37.72
62.19
35.08
27.00
8.59
23.21
67.18
31.34
5.64
26.37
14.09
1.19
18.16
3.90
2.95
18.95
26.26
60.65
47.56
32.33
4.26
19.82
45.25
28.53
36.89
6.17
18.87
42.92
35.13
39.28
59.53
9.71
60.36
45.52
37.86
74.19
68.89
63.76
42.71
26.78
27.84
2.22
58.92
48.65
17.68
28.53
77.19
13.64
49.78
37.60
8.98
12.31
44.20
13.83
13.23
49.14
62.46
2.00
72.80
85.21
32.49
10.69
58.24
13.04
4.65
52.32
60.03
8.52
15.87
21.86
36.04
29.08
32.95
85.92
23.68
13.30
14.01
49.74
88.80
55.67
33.41
18.78
13.84
80.78
35.70
7.63
61.75
37.64
35.86
86.36
8.66
9.11
20.74
63.44
6.91
7.55
12.41
37.76
35.40
8.47
37.91
31.84
39.73
40.30
44.05
52.93
51.30
8.17
59.86
79.15
5.43
19.33
7.90
16.83
2.43
17.63
29.96
19.03
29.68
23.00
24.36
32.88
51.52
20.25
66.10
22.76
43.10
14.48
26.24
14.86
16.43
13.51
23.67
2.91
16.31
35.09
37.81
17.40
71.14
3.17
56.22
58.89
53.08
7.54
30.35
33.00
81.76
11.75
52.62
36.22
56.03
1.98
15.12
38.62
2.35
40.83
15.49
46.63
62.26
45.53
10.60
36.85
10.55
27.47
66.13
11.02
7.47
11.20
48.29
19.91
1.47
72.35
25.35
18.34
0.87
3.91
15.37
52.65
9.75
1.72
25.71
24.19
23.82
33.81
64.97
48.79
44.05
70.02
25.94
14.80
74.84
18.05
32.54
0.41
19.39
28.47
31.14
4.47
32.03
39.57
42.85
51.23
54.76
0.17
63.41
13.99
39.70
31.86
12.32
82.82
54.55
28.81
36.21
71.41
13.50
54.61
26.03
57.47
39.24
77.30
23.38
19.88
89.26
1.16
26.79
93.82
20.86
30.23
65.16
46.02
49.26
18.76
35.21
12.23
33.15
9.54
26.98
13.48
7.96
15.52
22.02
31.68
6.76
61.56
39.40
43.94
35.87
7.24
19.86
17.30
4.31
30.64
9.48
7.99
18.04
33.65
5.71
11.87
1.30
79.11
41.88
34.88
18.21
16.61
20.14
17.86
44.16
12.89
36.09
30.91
31.65
40.79
59.19
11.15
43.04
41.71
26.80
67.31
63.58
33.80
20.44
17.98
54.58
31.44
10.44
39.38
3.77
11.47
30.02
13.03
14.26
12.91
8.34
5.55
52.56
28.40
71.49
13.21
35.36
35.97
55.24
11.84
12.21
19.17
13.19
57.47
10.32
22.47
45.67
24.64
53.04
32.22
22.34
70.61
23.97
11.56
25.63
5.22
40.50
43.53
11.31
62.17
11.78
25.01
36.47
21.46
25.57
2.75
61.52
50.05
3.72
11.53
27.17
47.17
38.17
59.19
14.87
4.56
15.74
35.35
24.84
51.83
7.35
16.49
8.69
38.76
36.29
78.83
65.62
47.46
62.32
24.92
23.22
55.34
21.16
37.10
35.19
29.39
19.40
43.66
42.14
52.66
7.28
19.54
43.46
60.65
28.71
46.10
28.20
44.10
3.83
21.07
44.87
34.54
11.80
11.10
14.25
51.65
26.57
47.52
0.60
4.61
12.32
35.45
17.30
51.62
0.22
44.46
41.50
42.36
42.69
35.58
32.94
29.24
80.31
42.03
32.80
13.59
2.41
63.44
9.29
46.08
5.60
55.28
17.86
1.16
13.14
34.73
26.45
17.17
10.73
19.96
41.93
30.38
14.96
50.41
4.19
27.22
42.96
5.69
14.16
31.32
34.73
19.38
14.90
62.48
33.08
29.78
24.10
44.24
24.05
8.38
73.49
52.54
19.97
38.10
13.90
2.41
23.69
27.82
48.97
25.67
53.50
64.64
29.59
24.80
4.54
38.53
26.30
31.23
0.22
31.24
32.98
30.47
25.25
28.61
73.16
57.00
57.24
23.41
37.58
7.37
31.60
56.61
41.71
39.75
43.01
21.01
11.19
0.21
17.95
19.48
77.68
4.59
72.18
60.70
63.05
5.04
47.04
9.04
13.50
22.75
44.14
42.32
11.91
43.27
3.50
18.04
22.65
37.89
50.45
39.33
16.78
62.17
38.94
13.29
29.62
52.93
21.11
21.39
6.17
42.69
2.36
44.53
6.54
63.33
22.84
43.28
31.83
37.43
19.22
22.40
14.24
18.03
11.08
68.84
28.80
16.38
3.13
4.59
16.28
14.05
11.73
49.42
37.32
4.63
37.12
66.55
38.19
3.35
41.88
38.98
27.10
5.15
22.14
12.57
70.47
18.14
75.56
33.18
53.53
60.87
24.28
32.98
21.72
