010010010000000000000000000000000000000000000000000000
000010010000011000100000100000000000000000000000000000
000011101100000000010000110110000000000000000000000001
000011000100000000010000110110000000000000000000000001
011010100000000000000000100000000000000000000000000000
000010010000011000100000100000100000000000000000000000
000011001100000000010000110110000110000000000000000001
000010111100000000010000110110000110000000000000000001
000101011000000000000000100000000000000010010000000000
000010010000011000100000100001000000000000000000000000
000111111000000000000000100000000000000001000000000000
000111111000000000000000000000000000000001000000000000
000010010000000100000100110000000000000000000000000000
000010010000011000001000100000000000000000000000000000
000010010000010000010000101010000010000000000000000000
000011100100000000010000000000000100000000000000000000
001010000000000000000000000000011100000000000000000000
001010001000000000000000000000011000000000000000000000
000100001100000110000000000000000100000000000000010001
000100001100000110000000000000000100000000000000010001
000010010000010110000101110000000000000000000000000000
000010010000010110000101101100000010000000000000000000
000010010000000100000100001000000010000000000000000000
000010000010000000100000000001100100000000000000000000
000010001010000000100000000001100000000000000000000000
001011001010000000000000100000010100000000000000000000
000000000000000000000000000000000000000000000000000000
000010010000011001000000000000000100000000000000000000
001011100010010010000001000000010100000000000000000000
001011101010000000000000000000010000000000000000000000
000010010000000101000010000000000100000000000000000000
000010010000011001000000000000000000000000000000000000
100000000000100000000000000000000000000000000000000000
001100001010000000000000000000010100000000000000000000
000000000000000000000000000000000100000000000000000000
000100000001000001000000000000000100000000000000000000
000100101000000000000000000000000100011010010000000000
000100110100000000000000000000000100000000101000000000
000110000010000000000000000000000100000000000001000000
000101000100000000000000000000000100000000101000000000
000110001010000010000000000000000100000000000000000000
000111111000000000000000000000000100000001000000000000
000101100000000000000000000000000100010110010000000000
000101101100000000000000000000000100000000101000000000
000110101100000000000000000000000100000000101000000000
001101101010000000000000000000010100000000000000000000
000010010000000000000000000000000100110100010000000000
000101010000000101000010000000000100000000000000000000
001110000000000000000000000000011100000000000000000000
001110001000000000000000000000011100000000000000000000
000100111000000000000000000000000100011010010110000000
000110100100000000000000000000000110000000000000100000
001110100000000000000000000000010100000000000000000000
001110101010000000000000000000010100000000000000000000
000010010000000101000010000000000100000000000000000000
000101110000000001000000000000000100000000000100000000
001111000010000000000000000000010100000000000000000000
001111001000000000000000000000011100000000000000000000
000111001000000000000000000000000100000000000000000000
000100010100000000000000000000000100000000000000000010
000111101100000000000000000000000100000000000000001000
000111000000000000000000000000000100000000000000000000
000111100000000000000000000000000100000000000000000100
000100100000000000000000000000000101000000100000000000
