01001001000000000000000000000000000000000000000000
00001001000001100010000010000000000000000000000000
00011100010000000001000011011000000000000000000000
00011101110000000001000011011000000000000000000000
01101010000000000000000010000000000000000000000000
00001001000001100010000010000010000000000000000000
00011100110000000001000011011000011000000000000000
00011101010000000001000011011000011000000000000000
00010101100000000000000010000000000000001001000000
00001001000001100010000010000100000000000000000000
00011111100000000000000010000000000000000100000000
00011111100000000000000000000000000000000100000000
00001001000000010000010011000000000000000000000000
00001001000001100000100010000000000000000000000000
00001001000001000001000010101000001000000000000000
00001110010000000001000000000000000000000000000000
00101000000000000000000000000001110000000000000000
00101000100000000000000000000001100000000000000000
00010000110000011000000000000000000000000000000001
00010000110000011000000000000000000000000000000001
00001001000001011000010111000000000000000000000000
00001001000001011000010110110000001000000000000000
00001001000000010000010000100000001000000000000000
00001000001000000010000000000110010000000000000000
00001000101000000010000000000110000000000000000000
00101100101000000000000010000001010000000000000000
00000000000000000000000000000000000000000000000000
00001001000001100100000000000000010000000000000000
00101110001001001000000100000001010000000000000000
00101110101000000000000000000001000000000000000000
00001001000000010100001000000000010000000000000000
00001001000001100100000000000000000000000000000000
10000000000010000000000000000000000000000000000000
00110000101000000000000000000001010000000000000000
00000000000000000000000000000000000000000000000000
00010000000100000100000000000000010000000000000000
00010010100000000000000000000000010001101001000000
00010011010000000000000000000000010000000010100000
00011000001000000000000000000000010000000000000100
00010100010000000000000000000000010000000010100000
00011000101000001000000000000000010000000000000000
00011111100000000000000000000000010000000100000000
00010110000000000000000000000000010001011001000000
00010110110000000000000000000000010000000010100000
00011010110000000000000000000000010000000010100000
00110110101000000000000000000001010000000000000000
00001001000000000000000000000000010011010001000000
00010101000000010100001000000000010000000000000000
00111000000000000000000000000001110000000000000000
00111000100000000000000000000001110000000000000000
00010011100000000000000000000000010001101001011000
00011010010000000000000000000000011000000000000010
00111010000000000000000000000001010000000000000000
00111010101000000000000000000001010000000000000000
00001001000000010100001000000000010000000000000000
00010111000000000100000000000000010000000000010000
00001110100000000000000000000000000000000000000000
00001100100000000000000000000000010000000000000000
00001011100000000000000000000000010000000000000000
00001100000000000000000000000000000000000000000000
00000000000000000000000000000000010000000000000000
00000000000000000000000000000000010000000000000000
00000000000000000000000000000000010000000000000000
00010010000000000000000000000000010100000010000000
