40 160
2 1 2 2 2 3 1 1 6 1 2 2 3 3 1 2 2 2 5 1 2 4 1 3 2 2 1 1 1 1 2 2 1 3 2 2 2 1 1 2 
57 52 80 139 1 106 64 60 103 146 23 3 63 50 55 54 12 140 47 0 153 119 6 46 20 33 90 16 158 123 128 142 31 125 108 143 82 21 93 110 132 105 78 32 112 24 43 124 104 85 83 2 26 4 66 92 94 42 75 11 41 53 122 87 114 111 10 147 74 133 144 76 148 157 38 130 155 97 159 100 145 7 120 126 98 35 8 138 127 117 102 58 69 37 79 88 71 28 36 48 109 101 116 81 141 27 45 65 44 156 49 68 5 150 40 19 115 70 77 25 72 15 13 131 134 61 95 154 136 51 56 62 22 135 89 137 91 96 17 34 84 59 121 14 73 39 18 113 129 118 29 86 99 149 30 9 151 67 152 107 
54 136 130 116 22 89 67 44 154 134 6 108 99 12 132 119 1 41 148 4 101 80 83 122 24 110 62 144 125 123 60 68 65 50 5 17 145 93 129 118 0 77 19 94 128 158 40 29 113 47 48 133 156 84 92 21 38 87 8 85 155 109 121 71 135 137 42 151 103 120 105 64 140 14 49 39 59 152 104 18 96 112 52 30 115 34 98 32 45 82 150 86 159 57 124 2 141 81 107 20 146 153 13 91 147 79 74 11 76 33 75 7 149 72 127 27 16 157 51 102 43 114 35 66 55 36 61 10 9 37 73 139 106 142 25 78 28 3 131 58 63 56 26 88 143 117 111 69 138 31 53 90 15 23 46 126 97 100 70 95 
36 3 32 146 145 157 37 118 113 53 120 8 159 4 69 89 1 31 82 153 93 132 102 73 87 51 143 68 96 49 108 38 81 117 131 23 13 152 94 109 39 46 83 99 95 29 103 129 156 41 76 78 127 155 114 34 22 105 148 55 79 20 0 158 65 80 106 70 107 56 35 60 18 135 5 33 42 100 47 16 15 6 59 98 115 24 85 104 62 154 58 64 128 52 27 141 19 125 142 63 25 123 7 137 72 97 26 75 17 88 140 71 12 30 136 10 116 139 9 133 84 151 48 57 101 50 66 86 124 28 126 67 54 147 134 122 110 91 21 119 77 90 149 44 130 150 92 40 2 121 45 61 74 138 14 111 144 112 43 11 
48 105 69 122 45 64 73 116 157 99 65 97 7 31 150 14 59 67 129 56 0 100 9 8 66 140 135 110 134 108 41 83 114 15 28 29 25 139 151 82 1 20 79 106 95 156 152 60 115 30 93 68 155 5 109 75 107 80 17 148 101 149 113 121 50 70 19 143 146 128 84 42 124 112 120 57 16 141 62 158 104 133 86 138 58 26 123 39 35 44 18 54 117 154 94 137 89 142 23 71 4 22 102 40 131 153 132 32 125 159 36 96 90 72 127 49 88 37 126 111 103 34 24 12 61 10 77 119 118 3 11 91 74 6 76 52 43 38 87 13 92 78 51 98 147 47 144 33 55 21 136 145 27 81 130 63 85 2 53 46 
131 41 135 1 156 70 20 142 63 134 114 62 88 98 51 97 46 109 8 56 157 138 73 43 145 122 90 89 110 26 91 25 115 154 119 148 60 14 13 54 55 78 94 141 147 17 44 140 99 80 95 72 159 50 124 127 143 107 40 30 67 133 151 33 93 15 59 34 39 83 116 100 152 86 112 104 81 3 146 42 103 57 35 52 32 12 61 123 150 45 82 74 158 31 27 111 121 130 132 75 102 69 9 139 87 28 79 137 65 23 22 118 84 47 36 29 77 136 53 76 37 4 153 58 7 2 149 144 96 71 101 6 108 38 19 11 117 66 85 49 128 68 105 18 21 129 120 10 113 24 64 126 5 155 92 106 48 0 16 125 
40 20 45 35 80 90 106 108 61 43 76 78 4 117 25 157 146 72 96 92 33 67 135 30 158 156 123 56 126 127 32 152 85 8 136 44 143 150 82 16 75 9 120 137 81 89 52 22 142 50 15 91 38 73 133 103 83 100 94 113 104 121 55 13 114 2 62 14 58 148 34 42 84 155 57 101 86 69 17 116 23 11 5 141 140 12 10 151 66 65 88 124 98 77 48 71 122 111 138 59 131 21 18 125 28 68 102 27 54 145 99 87 107 64 70 7 147 93 132 134 119 130 6 159 97 51 63 49 153 115 144 105 149 0 95 109 39 79 26 118 37 3 74 29 36 112 24 46 53 154 129 19 41 60 139 128 1 47 110 31 
46 148 45 6 122 126 76 146 134 111 54 142 147 81 144 40 152 33 79 96 154 27 151 60 80 90 61 83 124 31 28 63 82 14 116 106 118 102 121 112 130 64 72 22 66 125 74 100 11 49 119 53 36 93 65 94 129 131 88 139 41 32 44 35 37 77 115 58 141 67 78 56 30 52 143 7 153 8 2 145 97 13 20 69 107 3 51 132 68 0 140 109 123 50 156 91 114 155 108 103 26 59 24 101 113 73 133 19 136 138 5 95 137 117 42 158 18 92 12 149 34 87 89 25 4 135 86 10 104 17 98 71 38 1 57 128 62 150 110 70 9 48 75 21 84 16 55 85 99 47 159 29 127 43 23 105 15 39 120 157 
10 26 49 150 93 126 144 13 6 31 82 66 156 17 16 111 141 59 159 30 12 97 94 124 112 84 118 151 123 145 65 58 135 55 128 37 153 47 15 102 71 73 85 8 22 27 70 127 67 157 42 154 79 64 68 9 39 152 80 95 155 89 1 81 25 136 120 114 98 69 35 11 28 2 62 92 134 51 19 43 96 91 20 7 3 40 105 77 57 36 54 41 90 138 53 121 109 158 78 75 131 104 108 122 130 116 113 24 139 140 52 34 107 147 100 148 88 106 146 76 46 50 87 45 32 4 117 21 48 56 61 74 86 60 23 133 18 63 143 149 99 0 129 119 72 125 33 110 5 29 132 44 101 38 103 14 83 115 137 142 
0 100 108 53 136 101 122 114 54 112 5 22 64 156 96 146 20 128 43 153 58 75 59 145 106 94 78 4 140 25 88 32 97 29 73 55 40 99 26 9 67 139 159 38 138 98 147 69 14 149 119 130 141 31 126 48 57 110 93 62 107 66 71 34 102 19 16 50 127 92 74 52 81 70 76 87 82 3 109 65 134 115 30 35 89 10 56 77 61 142 95 91 155 41 154 104 6 12 28 133 45 121 158 33 13 63 39 80 17 27 150 125 85 124 137 15 103 23 7 113 144 1 49 46 11 151 51 60 44 143 135 42 83 116 86 84 18 2 118 123 8 68 117 47 157 72 148 36 131 132 79 90 21 152 37 24 111 129 105 120 
22 28 21 29 30 114 104 101 9 105 152 148 40 48 56 155 72 96 133 50 124 44 93 147 82 31 98 8 130 42 94 15 6 146 69 91 23 76 1 57 43 128 125 5 117 68 135 145 78 38 127 118 138 83 77 12 132 33 140 7 90 49 119 97 156 100 95 64 92 85 46 159 41 108 11 52 53 89 35 65 115 13 142 111 150 62 26 55 71 131 45 122 10 149 84 70 102 73 54 60 158 58 20 74 25 121 14 141 103 81 153 123 107 17 137 99 61 106 151 88 136 18 2 75 113 66 110 87 36 144 67 134 16 109 59 39 80 3 0 19 32 116 157 139 129 143 79 47 63 112 4 51 126 154 27 37 120 24 86 34 
64 115 113 32 133 138 112 114 63 140 149 110 122 49 141 125 16 156 120 95 82 142 46 66 30 18 43 136 143 67 27 26 69 58 29 117 72 153 92 78 79 51 159 129 24 100 94 6 103 28 93 102 4 81 97 111 42 107 127 56 7 155 73 86 104 96 55 137 77 130 132 148 17 59 57 54 31 109 106 80 139 116 41 157 60 98 39 45 158 105 33 144 76 68 126 87 134 21 65 36 145 8 10 12 124 2 52 123 128 99 20 1 61 3 11 5 121 151 38 19 62 0 9 50 118 108 23 101 146 91 74 119 150 71 131 44 22 70 135 47 154 53 13 89 147 83 25 75 35 152 48 84 34 37 15 40 88 90 85 14 
124 148 36 4 6 108 34 47 73 87 126 25 50 104 57 78 76 44 40 43 64 86 48 42 122 152 59 14 15 23 74 32 119 0 92 156 46 51 106 142 3 135 13 63 103 68 8 38 125 75 56 97 66 120 24 84 41 91 102 82 99 72 134 35 153 143 113 140 155 81 159 83 147 70 90 128 100 101 62 95 93 10 109 107 17 31 144 58 49 28 96 27 80 61 7 112 71 22 60 137 114 54 110 94 136 67 158 150 131 127 11 151 123 105 132 133 77 37 118 149 115 79 5 45 9 2 130 157 116 117 89 52 138 154 20 39 53 85 129 88 12 98 1 18 145 26 146 111 19 29 30 141 139 65 121 33 69 21 55 16 
19 118 111 158 102 123 146 57 72 114 53 132 97 11 38 35 22 141 42 100 65 67 47 157 113 45 138 120 28 98 14 31 106 152 95 119 148 144 153 66 88 136 5 56 135 71 99 87 0 58 159 23 83 46 12 74 77 20 94 27 43 143 70 26 40 34 17 51 29 62 32 81 59 48 52 109 107 1 92 130 10 156 93 80 82 90 6 124 55 127 33 142 128 2 112 49 147 103 121 129 69 108 30 68 84 89 79 7 150 96 139 151 155 41 64 85 145 134 154 3 54 16 39 116 50 140 8 101 61 110 36 44 131 133 122 117 24 126 105 9 73 25 76 18 75 4 125 21 115 137 86 91 13 149 104 15 60 37 63 78 
8 22 146 141 46 58 75 52 6 138 114 133 85 102 158 98 0 33 155 65 96 32 50 71 45 91 116 137 54 117 76 119 134 43 147 63 7 61 44 126 1 124 109 154 142 92 86 82 2 110 64 113 135 159 105 139 128 41 56 149 95 48 53 34 42 77 12 156 37 81 125 148 107 49 132 140 24 74 39 123 83 60 14 151 157 9 59 30 122 143 72 31 55 18 51 111 28 10 129 36 99 62 100 70 13 130 26 101 11 118 87 115 145 69 106 57 97 79 67 88 103 15 21 89 90 35 47 23 16 17 73 66 152 144 80 136 68 19 78 131 153 120 84 29 112 4 94 121 5 3 40 93 150 38 25 127 104 20 27 108 
94 57 108 0 136 28 138 91 44 52 81 141 30 104 46 126 71 131 12 3 18 4 139 27 134 120 122 69 85 33 9 17 158 142 51 19 148 118 37 89 67 45 64 80 152 82 75 43 11 127 10 105 98 107 58 2 29 79 96 88 99 6 106 26 159 103 78 39 123 121 124 42 62 65 15 151 36 129 102 84 54 112 73 38 90 132 93 24 32 135 1 146 114 115 40 87 63 137 83 149 100 8 74 16 50 86 59 68 20 21 48 56 35 140 47 128 156 113 66 22 14 41 76 34 145 70 155 77 101 150 92 55 7 116 130 154 157 111 125 133 153 5 53 13 97 109 23 144 110 61 31 72 117 60 143 49 25 95 147 119 
13 18 118 157 39 89 97 23 155 46 4 60 61 44 154 98 30 109 91 114 145 82 71 74 78 103 5 37 124 2 7 28 56 29 125 75 17 57 138 31 126 16 21 50 72 8 140 94 63 55 87 79 27 123 84 149 129 3 159 156 19 139 131 43 116 134 136 12 90 132 62 47 35 0 144 9 99 113 15 150 142 102 65 26 141 54 38 108 106 70 107 119 85 105 64 42 148 14 69 52 20 49 11 32 130 158 120 10 117 146 53 104 45 25 24 151 80 115 153 1 58 110 92 77 68 100 86 76 48 34 22 59 133 93 41 135 147 73 95 40 6 83 143 121 137 128 51 127 101 66 122 67 112 33 152 81 88 111 36 96 
63 15 58 44 62 33 45 123 3 52 124 73 18 114 53 47 131 148 72 103 5 51 158 2 69 77 6 139 147 22 140 70 16 13 24 29 93 32 76 157 120 153 108 111 104 56 82 151 67 59 95 81 144 85 19 126 89 106 136 27 30 50 74 28 132 14 92 46 118 79 26 109 90 37 21 10 35 128 138 119 38 88 143 64 20 87 156 145 150 159 94 86 83 23 68 105 113 129 1 96 101 54 49 100 110 65 141 117 122 142 127 121 152 149 0 48 60 71 43 36 154 41 55 8 102 99 107 9 61 34 7 84 66 98 75 115 155 11 17 80 116 31 146 42 25 125 97 39 91 137 112 135 4 134 133 12 78 40 57 130 
102 92 69 81 145 40 53 43 152 123 86 130 52 9 7 60 25 94 74 99 131 57 125 108 22 95 12 36 117 80 124 26 61 45 140 33 46 112 34 133 132 90 120 151 4 100 76 8 147 98 35 23 111 68 136 49 10 138 55 15 77 3 157 143 65 16 44 141 72 5 121 13 116 106 41 58 146 64 139 38 32 18 88 62 83 56 149 126 105 67 114 129 20 89 103 87 75 47 158 21 79 73 17 142 128 48 42 29 118 11 115 91 113 109 51 19 31 127 37 54 27 1 6 70 24 78 93 39 2 154 84 71 122 82 59 148 150 96 97 30 107 85 144 66 50 159 28 104 134 101 137 14 135 119 63 110 153 156 155 0 
154 124 59 135 136 30 73 33 71 111 53 117 23 18 89 45 4 85 57 92 140 146 26 14 34 104 147 101 88 62 127 2 105 109 87 82 12 31 46 90 16 61 74 121 93 120 122 28 144 103 40 114 27 56 22 55 58 81 63 0 68 97 29 125 98 132 148 102 3 48 110 130 37 100 126 21 138 155 106 86 36 42 10 141 17 143 145 44 5 115 41 129 157 94 32 67 70 60 119 131 69 80 72 107 51 35 123 84 77 139 152 91 112 15 8 43 149 65 75 49 116 76 156 52 142 96 66 47 133 79 99 7 11 13 158 134 50 118 78 20 150 1 54 64 159 95 9 24 128 39 151 25 6 83 38 153 137 113 108 19 
20 56 45 133 124 141 100 22 29 151 89 9 38 42 113 24 152 65 18 32 93 68 60 157 78 108 126 142 15 117 17 66 64 8 47 140 82 143 19 16 70 156 98 52 90 95 94 111 105 48 80 41 44 101 57 33 129 4 136 132 138 30 144 120 0 123 110 3 155 84 62 12 131 127 147 83 116 92 91 40 34 14 25 99 6 53 51 67 5 74 77 128 103 79 43 23 59 97 49 130 35 115 10 145 106 11 87 134 148 118 7 1 63 86 153 28 96 159 137 2 139 158 119 73 114 76 13 88 69 146 21 104 102 27 39 37 149 31 46 121 81 150 26 55 75 109 125 107 135 112 122 50 61 85 54 72 58 36 154 71 
71 132 26 53 109 115 82 134 67 126 13 4 88 69 136 128 74 89 64 55 90 121 103 76 35 129 158 154 125 19 23 56 41 2 137 3 21 101 98 159 10 93 138 78 62 17 47 45 106 84 152 33 1 112 5 122 77 107 117 59 95 31 79 133 127 12 18 52 113 51 20 147 14 111 42 36 37 25 100 16 68 9 151 83 140 6 44 28 146 61 24 104 50 118 150 149 66 96 86 148 22 15 65 92 94 119 155 153 57 38 105 70 156 30 63 135 27 60 40 8 102 39 97 29 85 11 110 46 80 130 145 81 54 157 139 32 114 48 7 75 72 99 108 123 58 143 116 0 144 124 120 34 141 131 49 87 43 91 73 142 
35 78 81 153 37 19 85 80 88 147 114 55 100 3 155 60 0 89 49 141 128 70 140 146 149 65 98 90 92 28 159 23 73 154 142 120 31 64 123 18 75 44 77 110 156 119 40 13 144 91 4 68 21 102 103 71 1 74 112 109 54 58 139 34 62 10 158 42 53 56 76 125 122 150 20 14 87 136 106 63 61 138 47 152 38 143 83 48 6 12 17 118 43 126 104 133 30 95 137 97 52 27 94 101 25 124 131 45 32 130 69 57 157 33 9 148 132 127 82 151 2 5 15 36 24 113 66 121 117 79 72 7 93 96 105 129 8 111 145 41 134 39 116 86 107 46 59 29 135 16 115 51 99 22 84 50 11 108 26 67 
54 123 119 148 141 122 5 37 56 107 96 49 18 103 39 157 78 88 58 36 7 106 80 33 155 108 64 60 140 30 10 25 47 53 67 127 65 46 27 138 40 147 55 120 74 32 104 95 85 28 35 48 84 114 45 17 152 59 70 77 153 118 26 125 75 38 110 13 11 130 126 22 113 21 71 29 91 98 61 82 124 135 159 50 158 69 63 83 81 4 34 42 23 43 66 112 144 111 89 149 131 72 68 44 121 3 156 132 90 129 19 20 109 97 62 8 51 100 94 52 115 79 99 142 41 116 9 12 117 105 146 0 14 73 2 87 15 150 76 16 93 57 6 101 134 139 151 133 143 154 137 128 1 31 102 24 136 145 86 92 
124 59 121 10 100 153 151 135 53 25 36 75 127 35 143 106 43 146 14 15 99 81 5 28 91 6 138 133 114 117 83 85 60 4 26 27 50 67 51 131 61 128 111 93 90 104 80 136 145 34 141 55 58 22 7 155 78 142 89 154 39 12 37 118 101 126 152 18 3 44 88 42 57 69 97 122 120 130 158 123 54 109 94 92 73 115 74 86 19 140 45 82 64 46 79 24 84 65 102 72 1 103 147 77 132 13 108 20 110 11 30 144 68 21 113 159 148 56 32 48 9 76 29 125 8 129 41 119 134 62 96 156 139 31 2 0 105 87 47 33 63 107 116 149 70 16 98 52 40 17 137 95 71 49 150 23 112 157 38 66 
58 1 41 34 30 119 106 55 129 109 36 22 20 146 149 46 19 89 73 135 147 77 5 138 51 80 52 118 12 10 122 31 100 15 140 108 57 78 6 142 66 8 125 27 68 79 83 95 111 43 42 81 130 137 152 98 37 85 54 115 94 0 38 105 103 143 101 127 56 104 153 53 59 133 117 32 61 33 50 132 21 2 157 123 76 28 126 82 112 16 90 70 139 39 150 156 24 40 154 110 114 99 159 35 155 23 29 84 158 97 65 69 64 71 60 148 3 13 25 86 145 107 44 144 49 96 47 136 45 26 74 75 131 11 7 4 116 14 62 91 128 48 113 9 18 87 141 121 88 63 134 124 151 72 67 92 17 93 102 120 
108 101 82 25 23 29 42 39 70 90 55 107 118 121 132 100 35 17 111 89 68 92 127 91 134 26 38 66 43 155 36 77 112 78 5 122 158 150 96 94 63 87 147 33 76 13 8 88 62 130 57 53 54 20 104 85 69 86 27 14 124 146 119 125 72 65 40 137 81 99 110 32 24 123 52 145 21 116 95 142 141 1 9 117 56 30 67 47 12 19 84 139 157 49 45 135 22 71 138 128 58 41 59 0 73 126 156 144 159 74 114 105 143 80 154 18 113 60 106 3 140 103 4 28 48 120 75 131 34 148 98 152 10 149 93 83 51 7 11 102 129 44 109 133 97 64 46 31 61 37 151 153 2 79 16 115 136 15 50 6 
28 16 55 90 156 157 131 54 69 22 46 32 43 44 0 140 122 152 71 4 37 142 23 124 45 116 115 130 150 155 100 15 159 61 127 14 112 26 7 56 65 99 117 67 102 149 31 12 3 59 105 62 17 68 73 6 146 104 70 151 96 108 18 98 21 76 39 51 93 109 111 118 38 24 153 158 41 35 40 36 114 11 97 144 135 95 80 84 66 121 77 87 106 19 89 57 25 2 125 8 129 123 92 94 78 49 88 136 75 147 119 83 107 103 113 48 120 128 81 10 138 154 27 30 9 58 29 52 42 1 20 63 86 126 47 53 34 50 13 74 143 85 141 134 145 132 33 64 139 72 91 82 148 101 60 110 133 79 137 5 
127 10 70 91 79 77 59 68 41 39 126 36 129 147 55 104 16 27 15 11 143 48 154 109 144 102 125 8 131 76 49 67 20 74 81 69 108 65 12 92 6 5 142 78 141 26 18 44 138 100 145 42 87 38 62 56 103 153 115 114 2 89 19 64 134 75 95 130 24 61 34 32 99 31 156 37 29 63 0 159 72 71 40 118 111 158 47 82 7 14 33 22 4 30 106 123 97 52 133 93 140 90 101 119 148 88 128 66 9 116 83 96 43 105 122 151 149 135 136 54 21 13 110 23 132 85 117 113 155 112 53 121 107 120 28 152 139 150 51 50 25 73 94 46 157 60 58 17 86 35 3 45 98 146 124 1 57 80 137 84 
30 53 66 6 31 58 84 57 138 149 155 56 70 9 38 135 120 104 79 3 117 11 75 132 21 23 28 19 49 15 37 122 39 55 73 152 24 65 159 43 146 126 33 154 74 136 13 85 7 123 111 142 16 100 41 131 86 134 90 17 35 141 0 29 26 110 153 116 34 98 83 121 32 36 14 52 77 114 69 108 101 61 129 112 144 124 5 71 54 140 97 64 80 51 115 47 8 63 68 20 137 1 81 27 139 143 18 62 105 102 46 25 93 109 119 92 82 2 147 151 67 48 103 133 10 128 99 145 156 118 106 22 95 107 59 45 125 113 157 78 72 96 150 40 50 88 130 127 4 12 148 42 87 91 94 44 158 76 89 60 
84 139 97 91 135 93 26 70 111 20 14 114 103 67 126 31 150 119 117 130 1 123 22 99 13 81 24 35 49 80 148 88 138 75 151 69 68 28 76 149 58 145 94 155 100 109 142 136 116 107 51 90 147 101 59 127 42 2 137 40 73 23 34 124 65 43 134 36 131 85 45 82 105 158 50 125 143 159 33 18 110 61 66 46 86 77 39 57 96 62 144 154 3 55 37 10 120 29 156 87 21 52 30 12 64 32 95 157 9 108 102 60 89 78 11 8 104 152 133 47 128 48 41 140 83 146 0 98 4 15 132 19 74 25 129 56 27 44 63 92 113 115 121 53 54 16 106 122 5 141 153 118 72 112 71 6 17 7 79 38 
126 91 56 120 78 68 115 70 79 8 27 21 77 1 47 13 99 0 123 6 116 107 30 95 18 59 112 71 92 151 80 54 16 19 145 134 81 28 2 149 45 156 51 5 153 124 96 139 52 34 109 118 132 152 119 12 129 63 4 41 87 143 26 114 36 38 127 73 25 140 61 111 9 125 131 113 102 104 106 33 128 138 62 40 39 159 53 48 15 42 150 86 75 155 22 65 147 66 144 101 90 50 117 121 58 72 135 133 100 154 93 57 11 46 29 35 20 24 60 10 94 108 74 85 137 89 49 17 37 88 97 98 141 157 14 84 3 64 31 83 148 82 69 146 7 23 44 76 130 103 43 142 110 67 122 105 136 55 32 158 
25 123 6 50 36 59 43 26 143 119 38 150 86 57 99 142 106 75 83 136 53 21 98 129 24 100 77 56 9 145 7 118 44 157 70 66 4 63 111 135 109 158 79 103 40 23 37 73 20 33 138 110 22 120 113 46 55 14 11 94 10 124 61 31 69 134 95 62 102 65 47 141 74 116 72 78 85 87 30 107 27 117 122 58 81 82 149 132 108 89 0 155 97 105 13 130 80 131 101 125 51 137 88 45 19 93 35 114 1 96 15 48 140 156 139 152 71 67 54 52 104 112 146 91 16 151 126 121 64 115 60 153 18 42 128 90 84 28 34 154 17 3 8 41 76 49 127 159 147 144 5 39 92 148 29 68 12 133 32 2 
100 101 6 140 76 57 50 118 115 15 3 69 141 78 131 81 48 74 65 145 25 86 87 17 21 137 103 12 54 18 108 20 143 8 85 156 90 120 31 26 149 155 79 116 128 88 36 60 0 102 112 133 126 157 123 52 93 16 146 114 38 136 5 32 49 19 23 13 73 59 4 62 67 43 106 35 11 107 68 127 84 41 110 117 95 77 9 55 47 80 153 135 1 99 97 125 144 139 53 10 45 104 28 40 42 14 58 70 83 142 89 132 154 61 96 30 111 94 147 134 39 34 24 158 130 46 159 98 44 113 150 66 138 33 71 29 82 109 121 124 72 152 122 105 22 129 51 37 92 2 91 64 63 7 148 119 75 151 56 27 
79 1 13 116 86 14 43 5 65 40 90 11 19 100 125 99 148 149 114 95 66 138 78 123 63 64 126 76 88 77 12 24 105 6 37 22 112 92 3 94 158 159 151 98 91 2 4 157 34 71 81 50 36 60 21 140 93 32 104 119 150 16 146 136 152 139 56 147 9 35 156 122 25 155 84 96 102 73 20 48 142 108 83 120 55 103 141 54 128 51 129 61 154 57 117 111 124 68 137 85 26 131 7 30 31 70 44 97 38 144 107 47 145 127 67 153 82 18 89 10 130 39 101 41 23 15 59 110 0 42 46 113 27 29 133 62 132 106 118 69 143 17 52 135 109 33 72 75 45 87 74 8 121 80 115 49 134 28 53 58 
46 65 43 123 107 149 52 76 82 128 118 38 40 83 44 25 31 134 131 157 110 159 79 141 78 84 77 48 139 67 69 54 33 21 74 98 104 142 80 113 60 102 42 127 156 155 0 122 3 85 70 88 49 146 75 66 32 89 61 6 35 57 63 117 12 151 71 101 99 87 114 106 94 5 158 7 26 92 13 8 1 140 95 97 147 68 115 55 17 28 129 59 90 121 105 18 45 96 9 154 116 132 37 15 53 41 73 86 47 150 22 72 111 136 120 58 62 4 135 112 119 34 133 20 148 19 81 14 39 29 124 126 36 91 23 125 11 56 93 16 24 64 144 2 152 108 145 30 153 51 109 137 138 10 103 130 50 100 27 143 
117 131 51 126 154 0 19 159 133 73 37 93 138 142 16 139 27 64 155 90 141 69 15 122 60 119 145 6 63 31 118 111 115 121 137 59 50 149 153 25 32 29 26 65 5 101 147 158 57 134 146 67 49 143 11 129 24 95 78 82 44 36 28 75 34 148 135 130 47 22 112 132 12 4 3 58 120 136 52 89 85 87 83 103 105 7 70 144 21 109 74 66 110 128 156 113 13 94 116 38 20 68 86 81 80 140 42 10 72 71 43 33 2 99 14 96 125 108 76 41 91 23 18 79 114 61 46 40 104 107 97 88 102 45 98 100 1 53 157 56 92 30 151 62 8 152 123 127 150 55 84 9 106 77 124 17 39 54 48 35 
117 43 94 140 4 97 35 118 75 132 112 86 155 61 147 142 69 109 105 158 92 139 67 34 90 78 49 99 131 0 42 83 46 89 152 96 29 52 148 53 32 22 64 156 2 95 25 30 151 88 76 125 77 19 137 113 150 93 62 10 159 73 48 101 143 31 41 15 3 60 80 141 18 135 24 51 126 23 68 102 59 12 13 87 16 122 26 11 17 14 63 124 106 100 116 66 110 27 33 70 123 37 81 36 128 79 58 85 144 145 130 107 129 7 98 146 8 9 91 65 50 47 38 120 21 119 154 121 84 134 104 149 133 153 6 157 20 111 54 56 72 55 108 136 39 44 115 1 57 71 45 74 114 127 103 82 28 40 5 138 
25 146 33 78 40 83 37 73 18 17 137 36 119 131 159 7 149 113 55 70 44 138 102 0 48 92 46 82 22 69 150 68 108 148 124 63 35 153 129 23 21 120 4 10 64 139 156 157 20 60 100 61 8 79 152 158 132 12 56 99 93 104 49 97 125 80 41 118 24 74 136 89 140 53 133 135 154 67 15 62 116 121 90 3 71 9 52 143 59 30 144 96 76 2 47 115 101 107 27 127 1 43 39 72 66 42 151 58 112 128 75 123 117 29 88 109 147 65 86 14 5 142 31 51 77 126 91 16 134 141 114 38 28 19 103 32 13 11 106 111 94 26 34 50 122 87 155 85 45 84 98 110 6 130 105 81 57 54 95 145 
138 104 65 141 63 149 124 110 130 64 23 32 24 61 30 135 35 91 143 118 85 142 13 125 5 4 60 37 111 34 126 95 87 6 108 67 153 84 113 56 131 140 83 115 68 154 18 116 134 121 132 112 96 21 54 93 139 22 59 156 128 41 40 53 27 1 80 119 28 19 8 100 148 36 31 20 144 15 74 158 82 50 2 97 46 33 66 89 58 17 29 117 90 92 129 86 150 123 137 103 106 49 62 88 120 48 57 73 0 102 75 79 72 39 44 55 107 159 77 9 127 136 25 14 155 145 157 109 70 42 38 151 69 114 52 81 133 11 76 122 147 12 152 98 45 10 7 26 71 94 43 99 3 47 101 146 16 105 78 51 
48 130 67 9 123 50 23 24 31 63 78 125 56 115 90 144 77 75 98 103 87 150 59 34 116 20 15 138 153 37 4 53 82 33 74 129 118 12 10 18 89 126 42 152 13 45 68 60 104 70 127 5 19 47 29 145 43 96 151 124 8 65 113 141 121 111 136 102 119 117 32 80 83 154 76 106 44 55 49 112 158 85 107 128 91 122 7 30 149 84 58 88 41 108 62 140 148 46 14 27 95 157 120 110 159 21 36 72 146 52 156 2 38 64 97 3 35 51 134 155 1 25 16 73 94 142 143 6 11 40 132 100 71 147 135 101 109 99 131 92 93 133 39 54 0 86 81 57 69 17 22 79 137 28 114 139 66 105 61 26 
12 13 27 36 25 11 19 16 35 6 39 17 26 21 20 14 34 5 22 30 18 3 0 10 7 8 32 2 37 33 29 28 38 4 15 23 1 9 24 31 
9 12 38 35 3 22 20 39 33 36 28 17 25 26 30 31 32 15 29 2 34 8 4 7 23 1 19 16 11 5 14 27 6 13 0 24 21 10 18 37 
38 10 32 7 27 22 19 25 28 39 37 12 1 8 6 2 36 29 30 11 17 0 20 14 24 15 31 9 21 26 3 16 33 5 23 34 4 13 35 18 
9 32 4 19 11 26 22 1 0 24 17 21 13 16 34 29 8 27 37 7 31 23 14 2 18 20 10 3 6 30 12 35 5 33 38 39 25 28 36 15 
35 24 33 17 31 20 18 6 8 0 36 11 28 38 15 27 25 26 32 22 37 7 14 2 19 30 1 13 10 5 23 3 29 9 4 16 12 21 39 34 
13 10 29 4 34 15 35 19 20 21 17 23 0 6 39 32 16 12 3 30 1 26 8 5 37 14 25 27 18 24 2 33 9 28 31 36 22 38 7 11 
14 10 12 37 0 36 31 11 26 28 39 27 20 9 6 22 18 19 8 15 24 30 29 16 25 17 13 21 5 35 3 4 33 1 32 38 7 23 34 2 
5 21 29 10 15 31 12 9 36 24 18 25 37 26 23 30 13 2 32 6 3 0 35 20 14 1 17 33 8 7 28 16 38 19 4 22 11 39 34 27 
22 19 12 2 29 34 6 23 36 13 24 38 11 35 30 17 16 21 18 8 5 32 39 9 14 37 15 0 20 4 3 25 10 1 28 31 7 33 26 27 
30 10 22 13 36 1 25 17 27 28 8 26 15 35 5 32 0 4 21 24 14 6 18 31 34 11 29 16 7 20 33 3 19 37 2 38 39 12 23 9 
20 11 32 4 15 6 38 18 10 21 19 0 23 26 25 36 13 39 34 12 33 31 28 24 29 3 8 1 35 5 2 17 30 22 27 37 16 7 14 9 
5 37 14 29 8 3 35 27 19 24 12 26 22 20 9 6 11 15 7 4 38 33 28 23 32 1 31 0 36 10 17 16 21 13 34 18 25 2 30 39 
12 10 26 13 7 5 32 2 3 6 29 30 16 1 21 14 36 15 34 37 23 31 22 25 24 28 4 39 33 0 20 35 17 19 11 38 27 9 18 8 
20 26 31 32 18 1 21 35 5 24 17 11 2 33 29 19 37 8 12 38 23 16 3 22 7 34 25 0 30 6 27 14 39 36 10 4 9 28 15 13 
27 1 7 31 12 10 21 20 29 28 14 30 19 36 26 0 22 15 4 37 32 24 16 38 3 18 13 9 34 5 23 17 11 39 35 33 25 8 2 6 
8 4 18 31 9 12 6 35 0 23 37 13 24 28 14 25 15 38 30 21 2 39 5 33 1 34 3 27 36 19 17 32 7 26 22 11 10 16 20 29 
20 32 3 12 13 29 36 9 8 16 37 27 24 4 25 11 15 22 34 5 17 26 28 33 39 19 6 21 18 35 2 30 23 7 14 31 0 10 1 38 
19 23 11 27 17 13 1 20 33 8 29 36 37 2 32 28 14 10 6 5 22 34 9 31 4 3 0 15 35 25 12 38 18 21 7 30 39 16 26 24 
26 8 23 37 11 24 21 9 1 20 4 17 33 31 34 0 30 19 12 2 38 39 14 7 28 10 16 15 6 13 5 35 32 29 25 27 36 22 3 18 
7 24 6 32 21 9 10 27 4 0 20 25 11 18 33 34 23 39 17 16 2 36 13 8 19 3 38 12 26 22 15 29 28 31 1 37 5 14 35 30 
20 34 22 1 29 8 24 0 16 23 30 28 27 15 33 10 32 38 36 6 35 31 26 21 12 5 18 37 3 9 13 2 4 25 11 17 14 39 7 19 
39 35 31 20 10 32 26 15 29 4 6 11 38 7 25 8 23 37 1 13 28 22 2 19 30 12 5 18 16 14 3 21 33 24 17 27 34 9 36 0 
11 20 2 13 5 12 38 27 4 7 10 37 6 19 16 31 8 23 15 34 17 28 36 35 14 32 0 22 29 21 1 30 24 33 26 18 3 9 39 25 
38 32 31 3 20 36 22 10 37 30 28 21 17 26 1 2 11 39 8 34 35 13 0 25 9 5 27 23 4 33 12 15 18 7 24 19 14 16 6 29 
15 4 36 18 14 21 19 20 33 30 6 22 37 28 24 29 16 32 9 11 5 0 26 3 35 27 17 1 38 2 13 8 10 34 39 25 7 12 23 31 
6 37 20 32 3 23 34 1 28 4 36 7 15 12 39 18 22 24 10 30 27 14 25 5 33 29 21 2 31 13 8 38 19 16 0 26 11 17 9 35 
3 24 31 21 1 17 35 14 9 39 12 27 32 38 20 10 22 8 25 6 37 0 16 19 36 7 18 26 4 2 23 29 15 11 13 5 34 33 28 30 
21 25 23 16 1 5 12 32 18 13 29 34 17 4 20 8 37 19 10 39 6 22 31 28 27 26 7 36 14 35 24 9 11 3 15 33 38 2 30 0 
14 31 23 25 37 0 9 33 15 11 26 22 4 39 8 27 32 20 1 5 29 38 3 19 21 18 36 16 12 13 17 7 6 10 28 30 24 2 35 34 
6 4 11 33 2 35 12 14 20 22 10 8 30 15 13 36 17 25 21 31 0 7 32 23 19 38 1 29 16 5 26 18 34 24 3 28 27 39 37 9 
32 10 2 8 19 30 17 26 11 3 9 27 39 15 12 1 21 29 28 0 36 35 7 25 13 5 22 24 33 16 31 34 14 4 38 6 20 23 18 37 
8 21 30 3 34 35 39 7 2 6 33 5 16 38 0 14 27 18 1 4 12 37 36 17 31 26 28 10 32 22 20 19 24 9 11 15 13 25 29 23 
33 31 20 19 8 3 32 7 10 12 35 39 13 25 34 4 0 11 15 22 29 1 36 26 38 30 21 16 28 9 37 5 6 17 24 27 14 2 18 23 
7 11 6 5 14 37 9 32 3 23 16 2 10 34 26 22 38 0 17 29 4 20 21 25 30 13 33 8 1 19 35 31 12 39 15 27 18 24 36 28 
35 37 32 36 9 4 33 24 2 17 21 0 6 34 29 8 15 31 18 5 1 7 10 14 20 13 11 38 39 28 23 12 30 27 16 22 25 3 19 26 
7 37 1 36 11 16 21 33 35 29 15 24 22 34 17 28 3 19 2 20 5 4 27 39 25 32 38 31 10 0 9 8 23 6 18 13 30 14 26 12 
35 38 10 21 20 9 16 0 33 18 8 2 12 31 36 7 34 37 29 25 5 17 22 27 1 13 14 32 19 11 3 26 28 30 15 23 39 24 4 6 
16 11 38 22 17 39 28 20 10 35 12 21 34 5 32 25 15 4 36 2 9 13 19 30 26 27 7 33 18 37 3 31 1 23 0 29 8 14 24 6 
33 23 1 31 8 12 20 15 26 11 28 16 10 2 14 7 30 5 21 4 3 6 9 32 39 34 27 0 25 13 35 37 29 22 17 36 24 18 19 38 
27 37 1 19 2 14 29 3 32 22 21 35 33 24 8 30 11 0 9 18 12 34 6 25 31 20 38 36 39 15 5 10 7 28 26 16 13 4 17 23 
13 24 8 16 1 14 35 25 34 28 26 30 10 5 6 2 31 22 37 0 19 33 11 9 36 17 39 15 27 21 4 29 23 3 18 38 32 20 12 7 
2 28 7 32 6 31 11 17 10 4 26 30 8 20 25 38 21 16 36 27 0 12 35 18 1 37 29 14 19 33 24 34 5 9 13 39 3 23 15 22 
22 30 5 20 29 39 19 23 7 16 0 21 37 14 26 32 34 11 2 8 13 12 31 18 10 9 15 25 38 33 24 3 35 36 27 4 28 17 6 1 
29 18 12 32 35 34 38 28 9 14 2 36 4 27 33 17 37 15 19 21 26 39 3 5 25 20 16 23 7 24 10 6 1 13 0 31 22 8 30 11 
23 34 19 8 5 15 39 22 2 33 26 37 25 27 14 31 0 30 4 29 1 38 3 11 6 12 13 28 16 24 7 32 35 21 17 18 36 9 20 10 
3 37 8 35 1 16 29 20 38 10 0 23 39 33 21 11 18 12 36 14 24 30 4 32 27 7 6 31 15 28 19 22 26 9 17 34 13 5 2 25 
19 32 13 6 18 20 27 29 15 12 30 33 24 22 28 17 1 3 26 36 31 16 10 25 9 11 35 38 21 39 7 37 8 4 0 5 23 14 34 2 
22 10 11 35 28 8 26 38 23 13 5 32 31 19 1 30 37 2 27 17 29 34 15 18 9 0 39 7 6 33 4 20 25 3 24 21 36 12 14 16 
11 7 28 15 13 39 16 38 9 2 6 30 32 1 36 18 31 27 25 4 5 19 29 8 10 34 17 0 14 26 37 33 20 35 22 3 24 21 23 12 
37 1 21 35 34 20 12 22 14 28 19 26 13 7 8 16 11 32 5 9 10 31 29 38 36 39 17 27 0 30 15 3 18 6 4 2 25 23 24 33 
13 16 5 12 22 23 37 15 30 10 18 35 9 3 36 31 34 24 29 7 39 38 32 17 21 26 0 11 33 19 20 27 8 28 14 25 1 4 6 2 
34 28 37 35 27 16 7 9 12 32 21 18 22 38 14 1 3 20 13 33 15 31 4 30 11 8 2 36 5 0 26 19 25 29 17 24 23 10 6 39 
4 9 18 3 30 26 10 19 21 16 35 31 8 20 6 25 28 39 17 33 11 0 38 5 32 24 22 13 14 15 36 34 29 2 7 27 23 12 1 37 
16 12 39 13 32 7 20 0 35 1 18 22 19 21 38 6 11 23 37 2 34 31 33 15 28 5 30 17 26 27 36 14 8 24 9 10 29 25 3 4 
34 21 8 17 29 9 7 4 32 37 20 38 10 2 14 13 23 16 36 1 5 33 35 18 31 22 11 25 28 0 19 15 30 39 26 27 3 6 12 24 
1 12 17 9 20 5 11 36 26 29 10 28 38 32 15 16 24 25 3 33 13 6 30 7 0 31 22 39 35 2 14 34 21 19 37 23 27 8 18 4 
24 22 20 25 9 14 15 6 12 26 36 1 37 10 7 38 3 33 17 19 34 28 30 13 8 16 2 4 0 39 18 35 11 27 32 29 23 31 5 21 
28 34 18 15 19 12 11 39 3 30 6 37 0 35 29 24 23 36 26 38 17 14 8 21 10 22 20 33 7 13 27 31 25 32 2 1 5 9 16 4 
16 25 5 38 9 26 39 35 13 10 8 36 3 37 22 31 32 14 11 4 33 2 19 17 0 29 1 28 24 18 6 7 30 27 34 15 20 12 21 23 
32 37 36 6 3 33 26 23 29 4 16 18 39 22 12 20 38 35 14 27 0 30 9 2 1 11 7 15 31 25 28 8 10 34 21 19 24 17 5 13 
29 5 4 22 19 31 27 14 9 7 32 3 11 34 38 35 16 21 33 18 10 0 15 13 30 24 25 23 12 20 26 17 36 2 8 1 39 28 6 37 
14 24 32 39 25 15 23 13 20 30 35 17 36 27 21 1 4 29 6 19 2 28 31 7 12 18 8 11 16 26 3 5 10 9 33 0 37 34 22 38 
34 32 31 37 38 4 6 23 17 22 39 21 36 9 25 16 33 3 1 14 5 27 2 18 20 13 19 10 30 28 29 7 0 12 8 24 26 11 15 35 
21 35 14 7 33 12 30 6 15 28 26 16 36 34 23 32 1 19 38 25 17 4 3 22 20 9 11 24 37 2 18 39 10 8 0 27 13 31 29 5 
36 4 29 39 8 30 18 34 32 31 14 28 37 27 2 17 25 38 24 26 16 13 0 20 5 23 9 35 11 6 19 15 22 1 3 10 21 12 7 33 
1 30 27 4 33 8 39 3 6 31 14 10 38 15 0 16 2 7 35 23 19 32 5 28 29 21 22 18 36 13 11 9 17 37 34 24 25 12 20 26 
16 4 36 20 13 1 26 6 11 14 31 35 17 32 5 18 28 12 33 38 23 21 7 37 25 15 24 30 22 34 19 3 29 39 2 0 9 8 27 10 
25 5 32 18 22 24 15 0 37 1 11 29 10 23 9 39 33 36 2 13 35 3 20 31 6 34 8 14 30 12 38 16 17 21 28 19 4 26 7 27 
38 15 19 34 27 13 9 11 24 3 28 12 31 14 2 0 33 35 26 17 39 32 5 7 10 21 37 29 23 4 30 25 1 16 22 8 6 18 20 36 
7 20 14 19 24 10 21 4 9 13 1 18 2 32 39 0 26 36 16 22 28 33 30 8 38 27 17 29 34 5 12 25 15 37 3 35 23 11 31 6 
15 21 26 10 12 27 34 8 2 0 30 13 22 38 39 6 4 28 19 3 9 11 7 17 33 25 31 5 18 36 24 29 32 20 14 37 16 35 1 23 
19 10 14 36 25 39 1 32 11 5 3 17 20 34 33 23 24 8 21 22 18 35 2 9 0 30 28 13 37 31 27 15 4 6 7 16 26 29 38 12 
27 31 33 39 16 0 36 4 37 24 30 11 28 17 10 1 25 38 29 12 9 15 13 20 34 22 14 6 32 5 3 26 2 8 35 19 7 18 23 21 
34 21 0 8 33 7 28 35 3 5 25 31 17 29 23 10 24 26 30 20 37 15 27 14 1 18 16 32 19 2 13 36 9 4 11 6 12 39 22 38 
26 23 13 20 21 6 32 4 19 29 28 31 0 24 39 17 12 2 15 33 22 36 9 8 3 11 14 37 34 5 35 18 25 10 7 30 16 38 27 1 
25 34 28 2 6 30 22 24 19 15 11 4 18 38 35 26 12 14 17 31 33 10 1 9 7 27 13 5 36 20 21 16 39 0 29 37 8 23 32 3 
22 15 26 38 27 5 18 24 7 2 3 32 20 36 23 21 19 4 35 29 0 16 17 13 31 28 8 39 25 6 1 33 14 10 34 11 30 9 12 37 
36 19 4 5 33 35 30 20 18 34 6 39 26 31 1 38 10 3 13 21 28 25 11 32 37 24 9 7 0 8 29 14 17 12 15 23 2 16 22 27 
21 37 1 15 19 34 10 2 29 6 5 27 25 3 33 26 30 4 12 35 16 23 14 36 0 24 38 8 7 20 32 39 22 13 11 28 31 18 17 9 
35 11 31 14 13 36 23 30 21 33 20 10 34 3 27 26 0 8 19 17 6 24 16 1 28 5 22 9 37 12 39 15 32 38 25 7 29 18 4 2 
16 18 24 9 22 32 38 35 37 8 7 1 30 23 20 3 25 28 13 14 15 12 6 34 26 0 17 29 19 4 5 2 21 27 36 11 33 39 31 10 
26 16 24 14 27 6 1 37 21 25 2 35 10 33 12 22 17 36 32 39 0 13 4 3 34 29 31 20 8 11 28 38 30 7 23 18 9 5 19 15 
27 11 39 2 32 3 38 33 0 8 17 9 1 12 28 24 5 31 14 35 10 37 23 20 21 30 18 15 4 34 13 26 19 22 7 6 16 29 36 25 
9 8 31 29 10 13 20 14 28 22 4 6 34 24 5 27 17 33 32 21 23 30 19 35 1 7 3 25 15 37 26 11 0 2 18 36 12 16 39 38 
33 36 35 22 23 28 20 39 19 25 2 31 37 30 24 11 1 5 3 13 12 18 10 29 7 9 15 8 0 14 26 32 38 27 17 21 34 4 16 6 
11 29 24 17 7 10 1 23 32 20 38 31 5 8 12 18 13 21 3 19 16 33 25 34 36 37 26 15 4 6 30 39 2 22 0 14 35 9 28 27 
25 28 10 16 21 6 23 11 17 8 31 2 36 27 38 37 29 19 12 39 4 3 1 7 34 32 26 24 35 33 20 9 14 30 0 15 22 5 13 18 
20 1 0 23 6 24 38 37 32 34 11 3 9 21 27 12 19 7 13 15 5 17 28 31 26 29 14 18 16 36 2 35 25 30 33 10 22 39 8 4 
28 17 15 26 0 1 14 31 29 9 4 37 34 24 35 11 16 38 3 30 20 39 33 8 13 19 23 12 32 10 5 2 22 36 7 25 27 6 21 18 
16 4 19 12 31 6 5 25 39 27 8 1 38 17 29 35 28 15 22 34 14 32 33 0 7 24 3 23 18 10 37 26 13 20 36 2 21 9 11 30 
20 8 39 34 25 19 14 3 33 16 12 23 29 13 21 32 4 26 28 2 37 22 11 7 38 35 24 6 30 9 36 17 15 31 0 27 10 18 1 5 
2 5 37 20 13 34 25 32 14 4 7 24 22 6 19 8 38 15 10 0 28 30 21 1 29 39 9 12 36 35 33 23 11 18 27 26 31 17 16 3 
25 22 10 32 35 5 7 3 31 39 2 6 17 0 15 1 33 36 38 20 21 16 18 24 23 19 12 28 26 9 37 34 14 27 8 11 29 4 13 30 
16 36 22 38 37 26 31 29 25 12 18 0 32 30 5 2 17 39 21 15 24 20 28 14 35 27 10 3 1 9 13 33 19 8 7 4 11 23 6 34 
2 23 36 35 25 34 8 37 39 18 19 5 14 13 28 30 17 32 6 29 9 4 7 1 0 33 11 12 3 24 38 22 31 26 15 20 10 21 16 27 
6 1 30 33 34 8 17 0 3 14 4 7 31 11 16 12 24 35 27 21 28 15 23 39 22 10 9 20 19 18 26 32 13 36 38 29 25 2 5 37 
28 26 23 25 30 39 24 5 36 9 2 3 11 31 8 21 14 37 32 1 33 12 7 27 29 13 17 34 16 0 38 35 19 20 4 15 6 22 18 10 
10 31 25 28 38 18 29 39 11 33 13 4 37 27 24 26 5 36 15 14 20 23 35 32 16 3 0 34 9 8 17 1 2 21 12 30 6 22 7 19 
30 37 39 13 27 4 36 28 3 8 0 19 15 29 35 20 33 31 21 9 6 2 34 24 25 18 22 5 11 12 32 23 17 10 26 16 38 14 1 7 
1 31 29 33 9 23 8 3 37 16 7 15 19 14 17 22 5 0 30 27 11 35 6 25 34 4 38 32 36 21 12 13 20 18 10 24 2 26 28 39 
24 32 25 7 3 1 20 0 9 29 5 35 34 8 22 31 11 14 10 21 27 17 18 12 39 36 6 38 26 19 16 4 30 33 2 23 28 13 37 15 
32 37 16 27 23 2 15 9 6 7 17 33 21 3 35 4 36 24 5 29 20 28 13 31 18 19 11 14 30 26 22 34 25 1 0 39 10 12 8 38 
19 18 29 36 30 7 31 32 21 33 3 37 10 12 8 27 15 39 1 28 17 2 16 14 20 5 6 34 25 38 24 35 26 9 4 23 22 13 11 0 
16 20 37 33 19 2 12 32 5 24 22 26 18 38 35 14 27 11 39 8 31 1 23 34 3 13 6 4 0 21 9 36 30 28 15 25 29 10 7 17 
13 18 2 32 17 19 26 5 38 25 23 12 10 21 4 35 20 14 29 7 27 6 11 22 34 24 1 3 0 28 37 8 36 33 9 31 15 30 16 39 
4 34 19 23 17 29 20 13 38 8 14 33 16 27 12 31 18 30 24 37 22 39 15 32 36 5 26 2 35 6 10 1 11 0 21 3 9 7 25 28 
4 19 9 34 13 24 30 6 5 17 25 28 31 8 10 23 18 2 12 32 7 1 3 21 0 15 36 27 39 16 38 26 35 11 14 33 22 20 37 29 
37 32 26 7 34 24 13 0 25 27 18 10 20 14 9 6 23 39 15 33 17 5 4 16 28 3 11 8 12 30 29 2 36 38 1 21 31 22 35 19 
7 35 2 36 1 10 25 0 28 17 26 23 11 19 8 29 20 27 33 32 14 39 16 38 18 34 13 30 22 12 21 24 37 15 31 5 3 9 6 4 
33 37 39 23 30 22 12 13 2 3 24 5 14 27 35 36 9 29 4 19 1 0 15 25 18 17 16 20 11 32 28 38 10 31 7 21 6 34 8 26 
10 37 39 15 19 2 3 25 6 13 5 8 24 18 12 7 27 36 38 9 20 14 11 30 0 26 35 21 22 4 1 33 34 23 29 32 31 17 28 16 
34 23 1 28 16 15 6 32 10 19 27 2 12 37 14 17 11 30 13 8 26 18 7 25 22 33 31 3 0 9 39 5 20 36 35 38 4 24 29 21 
1 4 37 31 16 13 7 35 33 32 26 11 30 24 17 10 2 29 39 21 25 20 12 22 27 34 23 6 38 36 3 18 0 15 19 9 8 14 28 5 
32 29 23 26 6 7 20 22 15 12 25 36 27 19 5 11 31 8 13 38 9 34 2 3 18 14 16 30 17 1 37 33 4 28 0 10 24 21 35 39 
4 11 26 23 19 18 28 39 7 29 22 12 33 17 10 14 30 0 8 2 13 21 6 35 16 24 1 27 38 32 25 34 9 37 31 3 15 20 5 36 
35 22 8 16 29 13 21 32 27 14 34 23 30 15 9 26 4 0 3 19 10 7 12 28 20 38 11 6 24 18 5 37 2 33 36 25 39 31 1 17 
25 29 6 31 4 22 10 17 15 24 36 16 27 32 5 19 26 18 38 1 12 0 7 21 2 33 3 13 37 34 11 30 20 23 14 8 28 9 39 35 
33 26 21 0 7 6 34 5 10 25 9 38 17 14 35 29 8 32 16 22 2 28 3 18 36 13 4 37 23 20 15 27 24 39 30 31 11 12 19 1 
1 9 14 5 12 29 33 10 6 3 4 24 39 17 38 31 7 16 11 35 25 21 20 13 22 15 36 37 23 32 0 19 8 27 30 34 26 28 2 18 
6 9 14 11 28 21 38 32 26 30 0 39 23 15 31 18 34 33 24 36 4 1 5 13 29 22 17 8 2 27 3 7 12 19 16 35 37 20 10 25 
4 18 26 36 5 30 0 32 6 22 7 29 3 20 14 17 31 15 38 34 24 13 19 25 2 16 39 35 10 11 23 12 27 33 21 9 28 8 37 1 
6 34 17 8 10 27 20 18 19 25 16 36 24 31 13 4 0 7 26 29 32 21 15 37 3 35 1 33 38 11 39 22 5 2 14 30 12 9 23 28 
31 6 10 23 27 20 39 7 5 32 0 21 15 9 38 29 16 26 34 28 36 12 35 30 8 14 33 11 13 3 18 37 25 1 4 2 24 19 17 22 
16 30 35 23 28 27 26 29 12 4 20 31 13 8 14 24 38 36 6 32 5 10 37 17 9 22 21 18 33 19 2 39 25 1 7 34 11 0 3 15 
28 30 24 36 25 17 5 34 4 39 33 38 14 9 31 27 32 20 26 8 1 21 15 22 29 23 2 10 13 0 18 3 7 16 6 37 11 12 19 35 
20 19 6 37 39 21 11 30 10 16 17 27 23 1 12 18 25 29 14 31 13 15 5 2 0 35 32 8 26 4 9 24 3 34 28 36 33 38 22 7 
5 14 10 17 29 13 19 20 7 34 2 23 24 28 6 32 26 31 16 38 15 30 11 39 12 3 37 8 4 35 18 36 9 22 25 27 33 1 21 0 
17 34 11 14 10 6 19 8 15 2 3 27 32 20 35 36 29 21 7 9 0 16 13 23 28 24 39 12 1 37 25 38 26 5 18 22 33 4 31 30 
1 12 31 13 25 9 11 34 32 3 37 23 10 35 28 26 24 21 19 30 29 4 0 8 16 39 14 38 33 18 27 5 20 15 17 7 2 22 36 6 
34 24 32 35 37 9 14 22 38 17 25 2 16 39 10 15 28 20 18 30 21 5 29 26 27 36 31 8 3 6 11 1 19 12 13 7 23 33 0 4 
22 8 12 27 0 6 3 28 15 4 1 33 25 11 31 13 18 16 30 21 34 24 26 7 2 39 32 37 9 36 10 38 19 29 35 5 20 23 17 14 
28 15 26 37 8 12 29 34 31 17 4 5 6 19 25 0 10 16 33 27 23 24 22 18 1 20 38 39 14 30 11 35 32 2 9 21 7 13 3 36 
23 7 35 9 16 6 1 32 15 12 3 25 2 34 21 18 22 14 17 30 10 19 11 33 4 0 28 13 26 38 27 29 36 24 31 5 20 39 8 37 
13 5 31 16 18 12 7 10 25 17 8 0 23 2 26 37 3 38 22 11 19 36 29 14 4 24 33 21 20 30 1 15 32 27 6 9 39 34 35 28 
16 34 4 27 14 21 0 22 25 35 36 32 1 15 20 6 7 19 13 23 26 33 18 39 24 31 5 10 11 37 3 29 17 8 9 28 38 2 12 30 
27 8 13 15 32 21 22 28 35 38 5 31 37 12 25 4 6 14 39 2 1 7 36 34 3 30 18 24 10 17 11 23 20 33 29 19 26 0 9 16 
29 30 5 19 12 8 2 24 26 39 1 28 22 21 23 33 15 16 17 18 34 32 6 3 4 13 0 11 36 37 7 35 31 10 38 9 14 25 20 27 
23 31 33 26 21 7 32 20 2 5 28 37 10 17 4 3 39 25 24 12 1 6 35 36 27 14 38 9 34 8 30 16 19 18 15 13 11 0 22 29 
22 38 3 23 17 0 15 35 14 6 7 39 10 13 12 20 8 21 5 32 37 36 33 4 2 11 24 28 25 29 9 30 18 26 19 31 27 16 34 1 
9 29 39 12 22 18 5 35 26 28 6 14 23 13 3 16 4 37 15 38 7 19 32 24 20 30 34 1 8 10 0 27 25 2 36 21 17 33 11 31 
27 16 14 2 26 29 0 19 13 11 1 3 6 23 18 33 35 4 9 28 37 20 5 25 22 36 12 7 30 15 8 31 10 39 17 32 34 38 24 21 
3 14 24 16 27 26 1 34 22 6 18 39 10 21 5 20 29 2 12 23 28 13 32 36 15 8 11 0 7 4 33 35 30 25 37 31 19 38 17 9 
25 3 15 0 24 36 13 14 17 23 32 16 34 11 8 7 18 38 20 39 30 37 9 26 5 29 22 27 21 12 19 33 35 1 6 4 28 10 31 2 
13 11 0 10 20 17 33 26 16 22 38 2 23 35 27 29 6 28 15 8 39 31 9 14 24 34 21 19 25 32 36 1 12 18 5 3 7 4 37 30 
18 15 9 16 6 35 27 12 34 25 4 17 11 39 36 8 30 23 37 21 5 10 24 31 22 33 13 28 2 1 19 3 26 29 38 7 14 20 0 32 
13 19 36 24 31 12 5 20 27 34 0 14 6 9 37 33 21 1 29 39 10 35 3 26 8 32 11 7 30 17 38 18 25 2 23 22 15 4 16 28 
17 15 16 21 19 35 23 39 9 24 4 30 25 33 38 10 2 29 27 7 18 6 14 12 31 28 26 0 37 8 1 20 11 22 36 3 13 32 34 5 
2 4 15 34 22 7 12 36 3 14 10 31 5 19 28 0 1 33 17 23 16 21 9 37 30 6 8 32 24 13 26 25 18 38 27 29 11 39 20 35 
29 8 19 3 27 28 13 21 38 4 30 9 5 18 12 2 20 39 14 0 6 35 37 36 1 25 24 33 26 34 17 10 15 23 32 31 22 7 11 16 
10 5 35 3 21 7 6 36 9 4 1 8 12 39 27 32 38 13 19 26 29 31 11 0 28 20 33 22 14 17 15 37 30 2 24 18 25 16 23 34 
36 1 30 39 3 2 20 35 17 10 25 13 5 24 26 31 14 28 0 16 29 23 21 33 7 34 12 9 11 38 22 37 19 15 32 8 18 27 6 4 
7 26 15 10 6 34 32 33 19 12 11 17 8 35 36 31 24 29 16 22 2 21 5 38 39 9 0 14 18 27 3 1 25 23 37 13 20 4 28 30 
11 15 8 34 25 4 26 22 24 3 19 2 1 21 17 28 39 16 32 36 6 30 37 18 20 5 14 7 35 23 10 29 13 12 9 0 38 31 27 33 
1 28 18 4 36 32 2 22 15 23 21 7 17 6 38 39 24 8 29 14 9 33 25 12 30 13 11 37 16 27 35 20 5 19 26 0 10 31 3 34 
24 20 27 25 35 0 8 10 34 6 14 18 9 39 21 3 11 37 38 16 1 13 30 12 26 28 19 15 17 31 2 33 5 7 29 4 22 23 32 36 
29 34 32 2 19 17 37 13 39 0 22 24 11 36 1 33 16 7 18 20 10 6 25 27 9 14 21 26 38 5 4 3 8 12 28 23 35 31 15 30 
35 36 33 19 0 21 24 10 8 34 22 29 26 23 18 30 20 25 4 17 32 2 12 5 31 7 39 9 13 11 27 15 28 14 16 37 3 38 1 6 
23 8 36 38 35 27 20 24 13 3 14 12 29 9 22 4 16 39 33 5 15 19 21 6 1 25 10 32 0 18 7 31 26 11 28 34 17 37 30 2 
38 13 6 26 0 36 10 32 21 18 1 5 14 35 27 16 8 33 19 12 34 3 4 30 2 9 28 37 23 7 11 20 25 24 39 31 17 29 15 22 
11 20 12 25 23 0 9 32 24 3 6 5 18 19 7 30 39 13 22 29 34 21 2 1 8 28 14 38 16 27 33 31 26 36 35 37 4 17 15 10 
